0.09204827
0.2766603
1.269425
0.05491197
0.3385608
0.3885609
0.08557937
0.3653781
0.2395755
0.9124425
0.02213238
0.02632343
0.01186254
1.220819
0.5725903
0.1218889
0.8401979
0.5578
1.256761
1.998803
0.4132345
0.114916
0.5771226
0.6502209
1.270462
0.04828072
0.6943306
0.4919611
0.9070226
0.043072
0.05601253
0.2253115
0.2276846
0.3199956
0.1111801
0.8811383
0.2909517
0.699225
0.2241355
0.06783885
0.5268756
0.4700866
0.2613945
0.06299482
0.5842497
0.02176209
0.456845
0.07198921
0.1829808
0.2540397
0.2837593
0.2326392
0.5231205
0.05094914
0.1093582
0.2064755
0.2013631
0.1013837
0.633354
0.6424387
0.01134593
0.3776801
0.09850627
0.1994848
0.160662
0.4493915
0.873368
0.01049214
0.09861515
0.243399
0.6519968
0.2638976
0.09395732
0.1943986
0.26423
0.2805287
0.4594445
0.1529092
0.3986992
0.1104561
0.07105007
1.169191
0.4781307
0.3043611
0.09085611
0.06540171
0.5734967
1.309271
0.008864015
0.04709975
0.4265638
0.7343808
0.5026082
0.112294
0.1345234
0.1408541
0.3907659
0.006677573
0.4791722
0.01349806
0.2155502
1.572036
0.3139737
1.349738
0.8614589
0.8119336
0.3956466
0.1821028
0.1134041
0.3979364
0.6487591
0.281156
0.557216
0.1070956
0.4834788
0.09728713
0.7682414
0.4731603
0.004352528
0.9418784
0.2502812
0.1140608
0.1246306
0.1066345
0.2741565
0.544444
0.3870511
0.2728585
0.8145649
0.6829495
0.6780757
0.1708627
0.56444
0.7840685
0.3188709
0.02923425
0.4556612
0.04235353
0.0305256
0.03316826
0.8949479
0.05883042
0.5583792
0.5652456
1.12228
0.07546994
0.1003965
0.4631413
0.1851928
0.2040251
0.7013503
0.002786694
0.3540278
0.2222723
0.00962549
0.3996571
0.0381276
0.06042501
0.3453399
1.19217
0.1759577
0.1248413
0.008440988
0.5570173
2.124924
0.7391051
0.1671176
0.5430208
0.04307639
0.09254241
0.01331644
0.1759264
0.2225599
0.9055674
0.04489465
0.3282134
0.4503898
0.5660026
0.4270861
0.07066682
1.611935
0.2802424
0.2128973
0.5736069
0.2563337
0.6055364
8.088779e-05
0.3215258
0.2430938
0.0718615
0.08261226
0.209458
0.0516562
0.4520543
0.02461065
0.2069556
0.7075093
0.2803928
0.1579439
0.3503925
0.5441594
0.3520978
0.2475053
0.3899419
0.2238576
0.1938066
0.6069253
0.1977939
1.357086
0.3370417
0.2138229
1.526071
0.1073475
0.1281106
0.2231283
0.4835357
0.52736
0.4917627
0.2250436
0.08929508
0.05879345
0.3232992
0.5305876
0.04361086
0.4222481
0.3252496
0.06421592
0.7347283
0.8243456
0.3642515
1.063779
0.5104398
0.2213596
0.8639854
0.4253729
0.472847
0.3913772
0.004000286
1.035
0.4243016
0.4399688
0.05585781
0.6501366
0.06266121
0.4812018
0.9768006
0.0614617
0.2702234
0.0001478858
0.1170855
0.2542552
0.4628286
0.2303368
0.128774
0.222508
0.1522145
0.2734636
0.3943026
0.3566666
1.576874
0.3025772
0.9292862
0.2144893
0.08029735
0.2813049
0.007915865
0.02249635
0.1512747
0.2614009
0.9144608
0.06607416
0.2962014
0.03512981
0.1444843
0.8702015
0.1736235
0.2708809
0.5113829
0.2884613
0.8154535
0.01135177
0.6954873
0.3540002
0.2701543
0.1823218
0.2447302
0.5712847
0.05809709
0.2073503
0.1725941
0.1960627
0.8956591
0.2725708
0.09316182
0.151168
0.2557495
0.2880284
0.1847292
0.06252104
0.8083744
0.2794856
0.712698
0.4978018
0.2191594
0.03895117
0.3666863
0.1712717
0.642725
0.01420228
0.4430899
0.4589596
1.612327
0.3273266
0.3050649
0.6185506
0.01325382
1.00696
0.06096595
0.4483766
0.3501821
0.2686336
0.02966723
0.224294
0.42823
0.4996013
1.447493
0.6171035
0.3952931
0.8538644
0.2760106
1.008518
0.1805059
0.3216905
0.3095814
0.2281621
0.4571053
0.04006435
0.0137138
1.513644
0.2527884
1.207574
0.3848748
1.554814
1.050146
0.08061338
0.05490281
0.889583
0.1662569
0.3894668
0.09491535
0.1996093
1.048113
0.01179794
0.3093712
0.2092189
0.6548437
0.1079234
0.03007889
0.2927287
0.09628641
0.2133978
0.0899207
0.3807229
1.01765
0.2947075
0.3298722
0.06732531
0.06176951
0.6203836
0.2900505
0.2233845
0.2182866
0.7014741
0.1426355
0.2892198
0.4650402
0.7685812
0.08148066
0.349616
0.4248349
0.5461748
0.003782539
0.6642469
1.714809
1.411038
0.4642994
0.354878
0.2499142
0.2675679
0.2201909
0.4868569
0.006247384
0.451437
0.7282596
0.1116452
0.3431455
1.296093
0.2589633
0.3331194
0.07044918
0.5896754
0.043489
1.01162
1.012581
0.07309104
0.3303571
1.772772
0.6508372
0.8539827
0.4403045
0.3020612
0.9583618
0.5921413
0.03719648
0.4765433
1.373186
0.03469145
0.06638347
0.6775863
0.3938143
0.03418703
0.09753594
0.06764294
0.3284019
0.8865795
0.4000079
0.6023755
0.6299523
0.2986509
0.08481682
0.8367968
0.1469905
0.05018383
0.2407003
0.1036538
0.4601995
0.474696
0.367614
0.04411457
1.325274
0.3842333
0.03173495
0.2694078
0.1592215
0.4167493
0.002704732
0.279574
0.4190666
0.05622668
0.6298416
0.4306911
0.4140516
0.2573627
0.3241351
0.3538597
0.2760185
0.05304205
0.5325125
0.8141535
0.02275337
0.4284833
1.65134
0.3391073
0.1689092
0.03224236
0.2579397
0.030305
0.1414323
0.2438549
1.344836
1.476822
1.156418
0.1654008
0.2586243
0.08662138
0.08618048
0.7940503
0.4986571
0.3547736
0.02879861
1.399066
0.08328641
0.9696219
0.2065799
0.03330468
0.3506516
0.08243941
0.09155145
0.5051781
0.4153927
0.1308301
0.5578394
0.3001201
1.22305
0.06250961
0.7785462
0.2019746
0.4320686
0.384693
0.1175583
