-0.596179
0.90115
0.1750522
0.2173407
1.905025
-1.037864
-0.0575375
-1.155425
-0.8555515
-0.5777692
-1.31303
-0.3961685
-0.1755597
0.874864
0.2989272
1.495783
-1.767634
1.077014
-0.3260709
2.650811
0.6907195
-0.3928376
0.6830219
1.05891
0.2445098
-0.8616788
-0.6203605
-0.8681104
0.2014678
0.8920992
-1.789716
0.8191861
0.6733407
-0.5982308
0.3072881
-1.295881
-1.213104
1.364976
0.6281022
-0.5884758
-0.5302769
-0.763503
-0.7552681
1.765987
2.169193
0.7794564
-0.9168613
-1.35638
0.02659298
-0.03965033
