17.98801
19.81825
16.82002
20.08999
14.53008
8.451656
18.12163
8.53124
14.08626
22.05576
16.5175
1.416121
2.731221
1.856204
19.23608
17.32661
16.91049
8.523382
4.902656
21.89737
2.794538
12.97851
10.04702
2.917539
18.57365
7.614305
15.13972
14.8449
8.313954
16.54826
8.583552
2.094521
10.47808
18.9366
19.33854
17.20093
21.25364
19.71273
11.00472
11.71924
13.07539
20.25651
10.24971
14.26444
9.221735
8.915137
18.89019
14.22446
5.2073
15.81328
9.555035
10.93666
5.411706
14.78622
5.140526
19.32873
22.45216
16.70553
0.9813703
4.176214
4.614939
10.73346
4.834925
15.97565
22.11912
8.645603
20.03864
6.703638
4.409993
11.73689
10.4061
14.69425
7.081284
16.73165
11.24968
20.53598
19.40003
14.92608
8.81037
20.25892
3.188719
11.26854
13.52238
16.83985
9.617094
5.447217
11.65044
19.33168
3.839189
5.635987
11.79766
10.17457
8.364853
21.62652
16.9842
13.81269
6.02373
4.453635
17.84838
6.328424